0.09091 0.09091 
0.09091 0.18182 
0.09091 0.27273 
0.09091 0.36364 
0.09091 0.45455 
0.09091 0.54545 
0.09091 0.63636 
0.09091 0.72727 
0.09091 0.81818 
0.09091 0.90909 
0.18182 0.09091 
0.18182 0.18182 
0.18182 0.27273 
0.18182 0.36364 
0.18182 0.45455 
0.18182 0.54545 
0.18182 0.63636 
0.18182 0.72727 
0.18182 0.81818 
0.18182 0.90909 
0.27273 0.09091 
0.27273 0.18182 
0.27273 0.27273 
0.27273 0.36364 
0.27273 0.45455 
0.27273 0.54545 
0.27273 0.63636 
0.27273 0.72727 
0.27273 0.81818 
0.27273 0.90909 
0.36364 0.09091 
0.36364 0.18182 
0.36364 0.27273 
0.36364 0.36364 
0.36364 0.45455 
0.36364 0.54545 
0.36364 0.63636 
0.36364 0.72727 
0.36364 0.81818 
0.36364 0.90909 
0.45455 0.09091 
0.45455 0.18182 
0.45455 0.27273 
0.45455 0.36364 
0.45455 0.45455 
0.45455 0.54545 
0.45455 0.63636 
0.45455 0.72727 
0.45455 0.81818 
0.45455 0.90909 
0.54545 0.09091 
0.54545 0.18182 
0.54545 0.27273 
0.54545 0.36364 
0.54545 0.45455 
0.54545 0.54545 
0.54545 0.63636 
0.54545 0.72727 
0.54545 0.81818 
0.54545 0.90909 
0.63636 0.09091 
0.63636 0.18182 
0.63636 0.27273 
0.63636 0.36364 
0.63636 0.45455 
0.63636 0.54545 
0.63636 0.63636 
0.63636 0.72727 
0.63636 0.81818 
0.63636 0.90909 
0.72727 0.09091 
0.72727 0.18182 
0.72727 0.27273 
0.72727 0.36364 
0.72727 0.45455 
0.72727 0.54545 
0.72727 0.63636 
0.72727 0.72727 
0.72727 0.81818 
0.72727 0.90909 
0.81818 0.09091 
0.81818 0.18182 
0.81818 0.27273 
0.81818 0.36364 
0.81818 0.45455 
0.81818 0.54545 
0.81818 0.63636 
0.81818 0.72727 
0.81818 0.81818 
0.81818 0.90909 
0.90909 0.09091 
0.90909 0.18182 
0.90909 0.27273 
0.90909 0.36364 
0.90909 0.45455 
0.90909 0.54545 
0.90909 0.63636 
0.90909 0.72727 
0.90909 0.81818 
0.90909 0.90909 
0.95000 0.50 
0.94911 0.52825 
0.94645 0.55640 
0.94203 0.58432 
0.93586 0.61191 
0.92798 0.63905 
0.91840 0.66565 
0.90717 0.69160 
0.89434 0.71678 
0.87995 0.74112 
0.86406 0.76450 
0.84674 0.78683 
0.82804 0.80804 
0.80805 0.82803 
0.78685 0.84672 
0.76451 0.86405 
0.74113 0.87994 
0.71680 0.89433 
0.69161 0.90717 
0.66567 0.91839 
0.63907 0.92797 
0.61193 0.93586 
0.58434 0.94203 
0.55642 0.94645 
0.52828 0.94911 
0.50002 0.95000 
0.47177 0.94911 
0.44362 0.94645 
0.41570 0.94203 
0.38811 0.93587 
0.36097 0.92798 
0.33437 0.91841 
0.30842 0.90718 
0.28323 0.89435 
0.25890 0.87996 
0.23552 0.86407 
0.21318 0.84675 
0.19198 0.82806 
0.17199 0.80807 
0.15329 0.78687 
0.13596 0.76453 
0.12007 0.74115 
0.10568 0.71682 
0.09284 0.69163 
0.08161 0.66569 
0.07204 0.63909 
0.06415 0.61195 
0.05798 0.58436 
0.05355 0.55644 
0.05089 0.52830 
0.05000 0.50004 
0.05089 0.47179 
0.05354 0.44364 
0.05796 0.41572 
0.06413 0.38813 
0.07201 0.36099 
0.08158 0.33439 
0.09281 0.30844 
0.10564 0.28325 
0.12003 0.25892 
0.13591 0.23554 
0.15324 0.21320 
0.17193 0.19199 
0.19192 0.17200 
0.21312 0.15330 
0.23545 0.13597 
0.25883 0.12008 
0.28316 0.10569 
0.30835 0.09285 
0.33429 0.08162 
0.36089 0.07204 
0.38803 0.06415 
0.41562 0.05798 
0.44354 0.05356 
0.47168 0.05089 
0.49994 0.05000 
0.52819 0.05088 
0.55634 0.05354 
0.58426 0.05796 
0.61185 0.06412 
0.63899 0.07200 
0.66559 0.08158 
0.69154 0.09280 
0.71673 0.10563 
0.74106 0.12001 
0.76445 0.13590 
0.78679 0.15322 
0.80799 0.17191 
0.82799 0.19190 
0.84668 0.21310 
0.86401 0.23544 
0.87991 0.25881 
0.89430 0.28314 
0.90714 0.30833 
0.91837 0.33427 
0.92795 0.36087 
0.93584 0.38801 
0.94201 0.41560 
0.94644 0.44352 
0.94911 0.47166