0.99518 0.098017
0.98079 0.19509
0.70711 0.70711
0.63439 0.77301
0.55557 0.83147
0.4714 0.88192
-0.29028 0.95694
-0.38268 0.92388
-0.4714 0.88192
-0.55557 0.83147
-0.63439 0.77301
-0.70711 0.70711
-0.77301 0.63439
-0.83147 0.55557
-0.88192 0.4714
-0.92388 0.38268
0.38268 0.92388
0.29028 0.95694
0.19509 0.98079
0.098017 0.99518
6.1232e-017 1
-0.098017 0.99518
-0.19509 0.98079
-0.95694 0.29028
-0.98079 0.19509
-0.99518 0.098017
-1 1.2246e-016
-0.99518 -0.098017
-0.98079 -0.19509
-0.95694 -0.29028
-0.92388 -0.38268
-0.88192 -0.4714
-0.83147 -0.55557
-0.77301 -0.63439
-0.70711 -0.70711
-0.63439 -0.77301
-0.55557 -0.83147
-0.4714 -0.88192
-0.38268 -0.92388
-0.29028 -0.95694
-0.19509 -0.98079
-0.098017 -0.99518
-1.837e-016 -1
0.098017 -0.99518
0.19509 -0.98079
0.29028 -0.95694
0.38268 -0.92388
0.4714 -0.88192
0.55557 -0.83147
0.63439 -0.77301
0.95694 0.29028
0.92388 0.38268
0.88192 0.4714
0.83147 0.55557
0.77301 0.63439
0.70711 -0.70711
0.77301 -0.63439
0.83147 -0.55557
0.88192 -0.4714
0.92388 -0.38268
0.95694 -0.29028
0.98079 -0.19509
0.99518 -0.098017
1 -2.4493e-016