1.003894 1.009211 
1.014347 1.013934 
1.027961 1.010871 
1.039983 0.998832 
1.045465 0.979193 
1.040528 0.955756 
1.023449 0.934044 
0.995330 0.920136 
0.960173 0.919292 
0.924320 0.934636 
0.895324 0.966193 
0.880460 1.010500 
0.885151 1.060907 
0.911623 1.108579 
0.958088 1.144026 
1.018648 1.158910 
1.083999 1.147798 
1.142860 1.109503 
1.183905 1.047739 
1.197872 0.970900 
1.179466 0.890949 
1.128682 0.821560 
1.051265 0.775786 
0.958162 0.763675 
0.863995 0.790232 
0.784765 0.854144 
0.735147 0.947531 
0.725830 1.056841 
0.761380 1.164804 
0.839028 1.253156 
0.948663 1.305720 
1.074083 1.311306 
1.195384 1.265942 
1.292115 1.173979 
1.346713 1.047858 
1.347637 0.906466 
1.291653 0.772320 
1.184832 0.667980 
1.042024 0.612271 
0.884839 0.616936 
0.738376 0.684321 
0.627222 0.806515 
0.571333 0.966168 
0.582508 1.138927 
0.662056 1.297143 
0.800100 1.414294 
0.976718 1.469423 
1.164791 1.450826 
1.334162 1.358379 
1.456473 1.204041 
1.509894 1.010379 
1.482974 0.807291 
1.376915 0.627395 
1.205875 0.500785 
0.995132 0.450022 
0.777369 0.486156 
0.587608 0.606512 
0.457578 0.794626 
0.410427 1.022447 
0.456653 1.254507 
0.591965 1.453440 
0.797486 1.585993 
1.042341 1.628576 
1.288282 1.571396 
1.495663 1.420498 
1.629828 1.197273 
1.666885 0.935470 
1.597906 0.676104 
1.430820 0.461025 
1.189634 0.326176 
0.911012 0.295599 
0.638712 0.377207 
0.416714 0.561049 
0.282122 0.820415 
0.258976 1.115689 
0.354024 1.400393 
0.555159 1.628504 
0.832883 1.761887 
1.144598 1.776654 
1.441141 1.667379 
1.674535 1.448444 
1.805747 1.152225 
1.811194 0.824319 
1.686924 0.516538 
1.449720 0.278715 
1.134907 0.150647 
0.791103 0.155452 
0.472719 0.295462 
0.231345 0.551369 
0.107399 0.884833 
0.123379 1.244203 
0.279847 1.572521 
0.554859 1.816547 
0.906987 1.935387 
1.281550 1.907320 
1.619101 1.733699 
1.864862 1.439220 
1.977606 1.068454 
1.936552 0.679111 
1.745113 0.333062 
0.996106 0.990789 
0.985653 0.986066 
0.972039 0.989129 
0.960017 1.001168 
0.954535 1.020808 
0.959473 1.044244 
0.976551 1.065956 
1.004671 1.079864 
1.039827 1.080708 
1.075681 1.065364 
1.104676 1.033806 
1.119540 0.989499 
1.114849 0.939092 
1.088377 0.891420 
1.041911 0.855974 
0.981351 0.841091 
0.916000 0.852203 
0.857139 0.890498 
0.816095 0.952262 
0.802129 1.029101 
0.820535 1.109052 
0.871320 1.178441 
0.948737 1.224214 
1.041840 1.236325 
1.136007 1.209767 
1.215236 1.145854 
1.264853 1.052467 
1.274169 0.943157 
1.238619 0.835194 
1.160970 0.746843 
1.051335 0.694280 
0.925915 0.688694 
0.804614 0.734060 
0.707884 0.826023 
0.653287 0.952145 
0.652364 1.093537 
0.708348 1.227683 
0.815171 1.332021 
0.957979 1.387730 
1.115164 1.383063 
1.261626 1.315677 
1.372780 1.193482 
1.428667 1.033828 
1.417491 0.861070 
1.337942 0.702855 
1.199897 0.585704 
1.023278 0.530577 
0.835206 0.549175 
0.665835 0.641623 
0.543526 0.795962 
0.490106 0.989625 
0.517028 1.192712 
0.623087 1.372608 
0.794128 1.499216 
1.004872 1.549978 
1.222635 1.513842 
1.412395 1.393485 
1.542423 1.205370 
1.589573 0.977549 
1.543345 0.745489 
1.408032 0.546557 
1.202509 0.414005 
0.957654 0.371425 
0.711714 0.428606 
0.504334 0.579506 
0.370170 0.802732 
0.333115 1.064535 
0.402097 1.323901 
0.569184 1.538978 
0.810371 1.673826 
1.088993 1.704401 
1.361293 1.622790 
1.583289 1.438947 
1.717880 1.179580 
1.741023 0.884306 
1.645974 0.599602 
1.444836 0.371493 
1.167111 0.238112 
0.855396 0.223347 
0.558854 0.332625 
0.325462 0.551561 
0.194252 0.847781 
0.188807 1.175687 
0.313080 1.483467 
0.550285 1.721288 
0.865099 1.849354 
1.208903 1.844547 
1.527287 1.704534 
1.768658 1.448625 
1.892602 1.115161 
1.876620 0.755791 
1.720148 0.427474 
1.445135 0.183449 
1.093006 0.064612 
0.718443 0.092682 
0.380894 0.266306 
0.135135 0.560786 
0.022393 0.931553 
0.063450 1.320895 
0.254892 1.666944