0.015133 0.015133 
0.015133 0.098369 
0.015133 0.163033 
0.015133 0.210300 
0.015133 0.251533 
0.015133 0.301631 
0.015133 0.370300 
0.015133 0.456367 
0.015133 0.548467 
0.015133 0.631702 
0.015133 0.696367 
0.015133 0.743633 
0.015133 0.784866 
0.015133 0.834965 
0.015133 0.903634 
0.015133 0.989700 
0.098369 0.015133 
0.098369 0.098369 
0.098369 0.163033 
0.098369 0.210300 
0.098369 0.251533 
0.098369 0.301631 
0.098369 0.370300 
0.098369 0.456367 
0.098369 0.548467 
0.098369 0.631702 
0.098369 0.696367 
0.098369 0.743633 
0.098369 0.784866 
0.098369 0.834965 
0.098369 0.903634 
0.098369 0.989700 
0.163033 0.015133 
0.163033 0.098369 
0.163033 0.163033 
0.163033 0.210300 
0.163033 0.251533 
0.163033 0.301631 
0.163033 0.370300 
0.163033 0.456367 
0.163033 0.548467 
0.163033 0.631702 
0.163033 0.696367 
0.163033 0.743633 
0.163033 0.784866 
0.163033 0.834965 
0.163033 0.903634 
0.163033 0.989700 
0.210300 0.015133 
0.210300 0.098369 
0.210300 0.163033 
0.210300 0.210300 
0.210300 0.251533 
0.210300 0.301631 
0.210300 0.370300 
0.210300 0.456367 
0.210300 0.548467 
0.210300 0.631702 
0.210300 0.696367 
0.210300 0.743633 
0.210300 0.784866 
0.210300 0.834965 
0.210300 0.903634 
0.210300 0.989700 
0.251533 0.015133 
0.251533 0.098369 
0.251533 0.163033 
0.251533 0.210300 
0.251533 0.251533 
0.251533 0.301631 
0.251533 0.370300 
0.251533 0.456367 
0.251533 0.548467 
0.251533 0.631702 
0.251533 0.696367 
0.251533 0.743633 
0.251533 0.784866 
0.251533 0.834965 
0.251533 0.903634 
0.251533 0.989700 
0.301631 0.015133 
0.301631 0.098369 
0.301631 0.163033 
0.301631 0.210300 
0.301631 0.251533 
0.301631 0.301631 
0.301631 0.370300 
0.301631 0.456367 
0.301631 0.548467 
0.301631 0.631702 
0.301631 0.696367 
0.301631 0.743633 
0.301631 0.784866 
0.301631 0.834965 
0.301631 0.903634 
0.301631 0.989700 
0.370300 0.015133 
0.370300 0.098369 
0.370300 0.163033 
0.370300 0.210300 
0.370300 0.251533 
0.370300 0.301631 
0.370300 0.370300 
0.370300 0.456367 
0.370300 0.548467 
0.370300 0.631702 
0.370300 0.696367 
0.370300 0.743633 
0.370300 0.784866 
0.370300 0.834965 
0.370300 0.903634 
0.370300 0.989700 
0.456367 0.015133 
0.456367 0.098369 
0.456367 0.163033 
0.456367 0.210300 
0.456367 0.251533 
0.456367 0.301631 
0.456367 0.370300 
0.456367 0.456367 
0.456367 0.548467 
0.456367 0.631702 
0.456367 0.696367 
0.456367 0.743633 
0.456367 0.784866 
0.456367 0.834965 
0.456367 0.903634 
0.456367 0.989700 
0.548467 0.015133 
0.548467 0.098369 
0.548467 0.163033 
0.548467 0.210300 
0.548467 0.251533 
0.548467 0.301631 
0.548467 0.370300 
0.548467 0.456367 
0.548467 0.548467 
0.548467 0.631702 
0.548467 0.696367 
0.548467 0.743633 
0.548467 0.784866 
0.548467 0.834965 
0.548467 0.903634 
0.548467 0.989700 
0.631702 0.015133 
0.631702 0.098369 
0.631702 0.163033 
0.631702 0.210300 
0.631702 0.251533 
0.631702 0.301631 
0.631702 0.370300 
0.631702 0.456367 
0.631702 0.548467 
0.631702 0.631702 
0.631702 0.696367 
0.631702 0.743633 
0.631702 0.784866 
0.631702 0.834965 
0.631702 0.903634 
0.631702 0.989700 
0.696367 0.015133 
0.696367 0.098369 
0.696367 0.163033 
0.696367 0.210300 
0.696367 0.251533 
0.696367 0.301631 
0.696367 0.370300 
0.696367 0.456367 
0.696367 0.548467 
0.696367 0.631702 
0.696367 0.696367 
0.696367 0.743633 
0.696367 0.784866 
0.696367 0.834965 
0.696367 0.903634 
0.696367 0.989700 
0.743633 0.015133 
0.743633 0.098369 
0.743633 0.163033 
0.743633 0.210300 
0.743633 0.251533 
0.743633 0.301631 
0.743633 0.370300 
0.743633 0.456367 
0.743633 0.548467 
0.743633 0.631702 
0.743633 0.696367 
0.743633 0.743633 
0.743633 0.784866 
0.743633 0.834965 
0.743633 0.903634 
0.743633 0.989700 
0.784866 0.015133 
0.784866 0.098369 
0.784866 0.163033 
0.784866 0.210300 
0.784866 0.251533 
0.784866 0.301631 
0.784866 0.370300 
0.784866 0.456367 
0.784866 0.548467 
0.784866 0.631702 
0.784866 0.696367 
0.784866 0.743633 
0.784866 0.784866 
0.784866 0.834965 
0.784866 0.903634 
0.784866 0.989700 
0.834965 0.015133 
0.834965 0.098369 
0.834965 0.163033 
0.834965 0.210300 
0.834965 0.251533 
0.834965 0.301631 
0.834965 0.370300 
0.834965 0.456367 
0.834965 0.548467 
0.834965 0.631702 
0.834965 0.696367 
0.834965 0.743633 
0.834965 0.784866 
0.834965 0.834965 
0.834965 0.903634 
0.834965 0.989700 
0.903634 0.015133 
0.903634 0.098369 
0.903634 0.163033 
0.903634 0.210300 
0.903634 0.251533 
0.903634 0.301631 
0.903634 0.370300 
0.903634 0.456367 
0.903634 0.548467 
0.903634 0.631702 
0.903634 0.696367 
0.903634 0.743633 
0.903634 0.784866 
0.903634 0.834965 
0.903634 0.903634 
0.903634 0.989700 
0.989700 0.015133 
0.989700 0.098369 
0.989700 0.163033 
0.989700 0.210300 
0.989700 0.251533 
0.989700 0.301631 
0.989700 0.370300 
0.989700 0.456367 
0.989700 0.548467 
0.989700 0.631702 
0.989700 0.696367 
0.989700 0.743633 
0.989700 0.784866 
0.989700 0.834965 
0.989700 0.903634 
0.989700 0.989700         